%YAML:1.0
---
image_width: 1280
image_height: 1024
camera_matrix: !!opencv-matrix
   rows: 3
   cols: 3
   dt: f
   data: [ 2.480475459497548e+03, 0., 1.264281360875251e+03, 0., 2.472287146252954e+03,
       1.058239709387072e+03, 0., 0., 1. ]
distortion_coefficients: !!opencv-matrix
   rows: 1
   cols: 5
   dt: f
   data: [ -0.214067293866198, 0.281899077212157, 0.,
       0., 0. ]
